52
83
33
-69
36
29
37
69
-18
16
-84
97
91
-92
0
95
27
-94
-68
-81
-5
76
58
20
100
50
68
-64
-91
24
41
36
60
5
-26
-66
-28
-67
70
-59
-18
-56
35
89
57
-20
8
70
31
16
58
53
54
-76
-55
60
86
-23
12
-61
36
-88
-48
38
47
-52
-60
-55
-5
17
91
87
-74
-72
62
-76
85
18
87
48
68
80
49
-86
-47
-96
-76
59
76
-6
-63
9
-91
60
29
-59
74
15
-34
54
-53
-93
-85
-66
-30
-69
-58
-48
53
-25
29
-29
-81
49
76
90
52
47
85
94
-53
-14
-68
5
67
32
73
64
51
-93
-3
63
63
-74
12
-41
81
-53
72
-93
37
87
-24
66
31
-57
-31
84
-74
-67
89
-19
-17
-7
99
-66
-6
61
47
-56
53
-66
-100
-5
-79
-71
19
-98
43
-53
25
-34
30
-41
94
-94
57
39
-52
-6
92
-23
-58
-56
-22
-3
40
-97
-16
85
91
-20
37
84
41
-15
64
-68
0
38
